1	2
3	4
5	6
7	8
9	7
8	10
10	11
12	10
10	13
14	15
15	16
17	16
18	19
19	14
11	20
20	21
21	22
22	18
23	17
24	25
26	27
28	24
27	28
29	27
30	31
32	33
34	35
36	22
37	19
38	39
40	41
42	43
44	45
46	28
47	24
48	47
49	29
50	51
52	53
54	13
55	52
45	56
57	58
59	60
60	61
61	62
63	64
65	64
64	66
66	67
68	69
67	70
70	71
62	71
71	72
69	73
74	75
73	76
76	74
77	78
79	77
75	80
81	82
82	83
83	70
80	84
84	82
85	80
86	87
88	84
89	90
91	92
93	94
95	96
92	96
97	98
99	100
96	101
101	102
94	102
102	103
103	104
105	106
106	101
100	107
108	109
110	111
109	111
104	112
112	113
114	104
115	116
116	117
118	106
119	103
120	97
121	122
123	124
125	124
126	116
127	128
129	130
131	132
133	134
135	136
137	138
139	140
136	141
142	143
144	142
143	145
141	146
147	148
149	147
150	147
151	150
152	151
146	151
153	146
154	153
128	155
156	157
158	159
145	160
161	162
148	162
163	164
164	165
138	166
166	167
168	167
167	169
160	170
171	166
169	172
155	173
132	173
173	171
159	174
134	174
174	164
175	153
170	175
165	176
130	176
176	157
157	177
177	178
178	155
179	180
181	180
182	183
184	182
180	182
185	181
186	187
188	189
190	191
192	193
194	186
193	195
196	197
198	199
197	200
201	202
203	204
205	206
207	208
209	202
200	210
211	212
209	213
213	214
215	216
217	218
210	219
220	221
222	223
216	224
225	217
212	226
227	226
228	229
230	231
219	232
233	213
232	234
235	236
237	217
238	237
239	205
240	241
242	243
244	243
245	246
247	248
248	249
250	251
252	253
254	253
255	256
257	258
256	259
260	259
261	262
256	263
263	259
264	261
246	265
266	259
258	267
268	269
270	269
271	272
272	273
274	275
276	277
278	279
280	279
281	282
283	284
285	286
277	287
288	289
279	290
291	290
292	293
294	295
296	297
298	299
299	300
301	302
303	304
305	306
302	307
308	309
310	309
309	311
300	312
307	313
314	313
311	314
313	315
316	317
317	318
319	320
320	321
322	317
323	324
325	321
124	326
327	328
329	330
331	330
332	333
334	335
336	337
338	336
339	338
340	341
342	343
344	345
346	347
348	349
350	348
351	346
352	345
353	354
355	351
356	355
357	353
358	359
360	361
362	363
364	356
365	360
366	365
367	364
368	367
369	370
371	369
372	373
374	375
376	362
377	378
379	380
381	358
354	381
339	382
383	371
359	383
384	357
385	386
387	388
389	390
330	390
391	392
393	391
394	390
395	376
396	397
397	398
343	399
398	400
401	402
403	402
404	402
399	405
406	402
407	408
349	409
408	410
410	411
412	413
414	407
415	416
416	417
418	419
420	421
422	418
423	422
424	423
425	412
413	426
426	424
427	428
428	429
430	425
431	432
432	430
433	427
434	435
435	436
436	433
437	438
439	440
441	442
443	444
445	446
447	448
449	450
400	451
446	452
451	453
453	454
452	455
456	227
390	227
457	227
448	458
459	227
460	461
462	227
463	464
454	465
466	465
467	468
469	470
471	472
468	473
474	475
402	475
476	475
458	477
478	479
480	479
481	480
482	483
483	484
472	484
485	482
486	487
488	489
490	491
492	475
493	494
495	496
487	497
498	499
500	501
502	503
465	222
504	505
484	506
507	508
509	510
511	512
513	514
222	515
473	515
516	517
514	518
519	520
520	521
522	523
524	525
526	519
527	528
529	530
531	532
533	526
534	524
535	536
537	538
539	540
521	541
541	534
542	543
544	545
546	547
548	549
550	551
475	552
553	554
555	215
556	557
558	559
560	561
562	563
564	211
565	197
566	567
568	569
552	569
570	571
218	569
567	214
214	572
573	239
574	573
575	576
577	578
571	579
580	581
582	583
479	584
585	586
587	588
589	590
591	592
593	594
594	595
586	596
596	593
597	598
598	587
599	600
601	597
602	603
590	602
604	605
578	605
606	605
600	607
608	609
610	611
612	613
614	615
616	617
618	616
619	620
620	618
621	622
613	621
623	624
592	624
625	624
626	233
583	627
628	629
629	619
605	630
627	631
611	631
631	632
633	632
632	634
615	634
634	635
609	636
636	627
635	637
638	639
640	641
641	642
643	641
644	643
584	645
646	647
648	649
624	650
651	652
569	653
649	654
652	655
656	657
654	658
658	626
655	659
642	660
661	654
662	656
663	658
664	665
666	667
668	667
665	669
653	670
671	672
673	672
674	675
676	675
677	675
675	678
679	680
630	680
672	680
680	681
681	682
683	682
669	684
685	684
686	687
688	686
682	689
690	689
684	691
692	653
689	693
694	695
695	696
697	698
699	700
199	701
702	703
704	701
705	706
707	708
698	709
698	710
709	710
711	709
712	711
713	711
712	713
708	713
710	714
715	716
706	717
718	719
720	718
667	721
700	722
723	724
723	725
726	725
714	727
728	729
729	686
716	730
731	713
732	709
733	723
722	734
735	736
737	729
738	737
725	739
740	735
741	742
743	728
744	739
730	745
746	743
693	747
742	747
747	748
749	750
701	751
752	735
753	754
751	755
756	757
758	759
760	761
762	763
763	746
764	752
765	766
761	767
768	769
770	771
660	770
772	773
774	775
773	770
776	777
778	763
775	779
777	780
767	781
781	695
782	783
784	785
786	787
769	788
755	789
223	790
791	792
793	794
794	795
796	797
797	793
798	799
800	801
802	803
804	805
806	807
808	807
809	810
810	773
803	811
812	813
814	815
805	816
817	810
807	818
819	820
821	817
822	823
816	824
820	825
826	825
827	821
823	827
828	829
830	831
832	829
825	833
834	835
835	836
833	837
818	838
838	839
839	840
840	841
841	842
829	842
843	844
845	846
844	847
848	849
842	849
849	850
851	852
847	852
853	854
837	855
856	852
846	857
855	858
857	859
860	852
861	860
862	839
813	863
864	863
858	865
866	867
868	869
859	870
871	872
873	874
875	876
877	878
865	879
880	881
870	882
883	868
884	862
885	886
887	888
889	880
890	891
892	873
893	892
894	895
891	896
882	897
897	891
898	894
899	900
901	892
900	902
903	902
896	904
905	906
907	908
909	900
721	910
911	912
913	914
912	913
915	916
917	913
912	917
916	917
904	918
836	919
919	920
852	920
920	921
922	923
863	923
924	925
790	926
927	922
923	928
910	929
930	827
849	931
932	931
918	933
934	935
920	936
937	938
931	939
940	939
941	942
943	944
928	944
902	255
936	255
945	941
944	946
947	948
949	950
951	952
953	954
955	951
956	957
958	959
950	960
938	961
962	930
946	963
964	960
965	966
967	963
968	969
970	252
971	967
961	972
973	917
974	916
255	975
976	975
969	257
977	978
975	979
963	980
981	270
978	270
982	245
939	983
273	984
985	986
987	988
267	989
990	989
991	990
992	993
253	994
994	992
993	995
996	994
989	996
997	998
995	999
1000	1001
1002	1003
243	1003
1004	273
1005	1006
1001	1007
1008	1009
999	1010
1010	1011
1010	1012
1013	1014
1012	1015
1016	1001
1017	995
1015	1018
1019	1018
1014	1020
1021	1005
1020	1022
1022	1023
1024	1025
1026	1024
1027	1028
259	1028
1029	1030
1003	1030
1031	1030
1032	1033
1030	1034
1035	1036
1034	1036
1037	1026
1036	1037
1033	1038
1039	1028
1040	1039
1038	1041
1041	1042
1043	1042
1042	1044
1045	1046
1047	1030
1046	1048
1048	1022
1049	1028
1050	1039
1051	1034
1052	1000
1053	996
1054	1055
1056	992
984	1057
1058	1016
1059	999
1060	1041
1061	1062
1063	1064
1065	1066
1067	1060
1068	1069
1069	990
1070	1069
1071	1007
1072	1073
1074	1075
1076	1010
1077	1078
1018	1078
1079	1015
1080	1081
1081	1075
1082	1083
1009	1084
1078	1085
1075	1086
1085	1087
1088	1087
1087	1083
1089	1090
269	1090
1091	1092
980	1092
1083	1093
1094	1092
1093	1095
1090	1096
1097	1096
1092	1098
1095	1099
1099	1100
1101	1102
1102	1090
1100	1103
988	1104
1105	1104
1106	1107
1108	1106
1109	1110
1106	1110
1111	1004
1112	1113
1114	1115
1116	1117
1118	1119
1120	1121
1122	1123
1115	1123
1124	1085
1125	1126
1127	1128
1126	1129
1119	1130
1096	1131
1057	1131
1110	1132
1128	1133
1134	1135
1131	1136
1132	1137
1138	1137
1137	1139
1129	1140
1133	1141
1137	1142
1143	1131
1135	1144
1144	1145
1146	1136
1141	1147
1140	1148
1098	1148
1130	1149
1150	1037
1151	1150
1150	1152
1153	1154
1145	1155
1155	1156
1156	1157
1158	1159
1147	1160
1161	1148
1160	1162
1148	1162
1163	1154
1164	1165
1166	1165
1039	1167
1159	1168
1169	1170
1171	1172
1167	1172
1173	1150
1154	1174
1175	1176
1177	1173
1165	1178
1179	1180
1181	1182
1180	1183
1184	1172
1185	1183
1178	1186
1162	1187
1136	1188
1189	1188
1190	1184
1191	1190
1188	1192
1193	1194
1194	1195
1192	1196
1123	1196
1142	1197
1195	1197
1197	1198
1197	1199
1200	1201
1201	1196
1202	1203
1199	1204
1205	1072
1206	1207
1187	1207
1208	1205
1208	1209
1210	1211
1212	1213
1211	1212
1214	1215
1216	1200
1216	1217
1217	1201
1218	1219
1213	1220
1221	1222
1219	1223
1224	1225
1226	1227
1220	1228
1229	1228
1230	1231
1232	1233
1104	1234
1235	1236
1204	1236
1196	1237
1183	1237
1225	1238
1239	1237
1240	1241
1234	1241
1242	1239
1238	1243
1244	1245
1246	1217
1247	1248
1249	1250
1251	1250
1252	1253
1172	1253
1253	1254
1255	1254
1256	1257
1258	1250
1233	1259
1260	1261
1262	1250
1236	1263
1261	1263
1264	1254
1248	1265
1266	1265
1267	1265
1268	1267
1259	1269
1243	1270
1271	1208
1272	1271
1273	1272
1272	1274
1274	1275
1269	1276
1270	1277
1264	1278
1276	1278
1228	1279
1279	1280
1281	1282
1283	1278
1284	1246
1285	1283
1286	1287
1287	1288
1289	1290
1282	1291
1280	1291
1250	1292
1293	1294
1295	1293
1296	1297
1253	1297
1298	1299
1300	1301
1301	1302
1278	1303
1207	1303
1303	1304
1305	1306
1299	1307
1307	1301
1308	1309
1237	1310
1310	1311
1311	1307
1312	1301
1313	1314
1297	1315
1316	1310
1317	1308
1314	1318
1319	1318
1320	1318
1321	1309
1322	1323
1323	1316
1324	1325
1326	1327
1328	1329
1265	1329
1330	1329
1329	1331
1292	1332
1332	1333
1333	1334
1335	1334
1315	1334
1336	1334
1337	1338
1339	1340
1303	1340
1341	1342
1342	1343
1333	1344
1345	1346
1263	1347
1348	1349
1350	1349
1343	1351
1352	1353
1354	1355
1356	1331
1357	1356
1358	1356
1340	1359
1318	1360
1361	1360
1362	1363
1364	1356
1365	1366
1367	1365
1331	1367
1368	1369
1370	1371
1334	1371
1372	1371
1373	1374
1375	294
1376	1368
1377	1378
1379	1380
1381	1376
1382	1381
1380	1383
1384	1385
1386	1384
1387	1382
1388	1387
1385	1387
1389	1384
1390	1389
1391	1389
1383	1391
1371	1392
1393	1392
1394	1380
1395	1394
1392	1396
1397	1396
1398	1392
1399	1398
1396	1400
1401	1400
1402	1403
1404	276
1374	276
1405	1394
1406	1407
293	1407
1408	293
1409	1410
1410	1411
1412	1413
1414	1415
1416	1417
1418	1417
1419	1417
1349	1420
1421	1422
1423	1424
1425	1423
1426	1423
1417	1426
1427	1428
1420	1426
1429	1414
1430	1428
1430	1431
1432	1431
1432	1433
1434	1435
1436	1433
1437	1438
1436	1439
1440	1439
1441	1442
1443	1434
1435	1444
1438	1443
1444	1445
1446	1447
1442	1437
1445	1440
1400	280
1448	1449
1450	280
1451	277
290	1452
1453	1452
1454	1453
1428	1455
1456	1455
1457	1420
1458	1457
1452	1459
1455	1460
1460	1461
1462	1461
1463	1464
1459	1465
1464	1466
1467	1463
1468	1469
1470	1471
1469	1472
1473	1469
1474	1469
1475	1474
1476	1477
1478	1477
1479	1480
1481	1482
1476	1483
1484	1485
1485	1483
1486	1487
1488	1487
1488	1489
1490	1491
1492	1493
1491	1494
1483	1495
1495	1496
1497	1498
1496	1499
1465	1500
1480	1501
1502	1503
1498	1504
1505	1457
1506	1507
1501	1508
1508	1509
1504	1510
1511	1512
1513	1514
1515	1513
1514	1516
1517	1518
1519	1520
1521	1511
1522	1521
1518	1521
1523	1524
1524	1525
1526	1527
1528	1529
1530	1531
1525	1531
1532	1533
1534	1527
1535	1529
1536	1535
1531	1535
1537	1538
1529	1538
1539	1540
1538	1541
1542	1543
1541	1542
1544	1545
1540	1546
1547	1532
1518	1547
1546	1547
1548	1549
1550	1549
1551	1552
1553	1552
1554	1549
1555	1556
1557	1556
1552	1558
1559	1558
1560	1558
1561	1562
1562	1552
1563	1564
1549	1565
1556	1566
1562	1566
1564	1567
1568	1569
1500	1569
1558	1570
295	1571
1572	1556
1572	1573
1574	1575
1527	1574
1576	1574
1577	1558
1578	1579
1580	1529
1581	1576
1543	1581
1582	1583
1583	1572
1584	1585
1586	1543
1587	1552
1588	1566
1565	1569
1589	1552
1590	1556
1591	1558
1585	1592
1592	1583
1567	1593
1593	1594
1570	1595
1592	1596
1596	1583
1594	1597
1597	1598
1598	1599
1600	1572
1601	1602
1603	1601
1604	1605
1606	1604
1607	1583
1608	1609
1602	1608
1605	1610
1611	1606
1609	1611
1612	1613
1614	1593
1614	1594
1615	1603
1616	1614
1617	1615
1618	1619
1620	1617
1621	1622
1623	1624
1625	1600
1626	1627
1628	1629
1629	1512
1630	1629
1631	1632
1633	1634
1635	1625
1627	1636
1637	1638
1639	1640
1640	1566
1641	1640
1642	1614
1643	1642
1644	1635
1645	1646
1647	1648
1649	1650
1651	1621
1650	1652
1653	1651
1638	1654
1575	1655
1636	1656
1652	1657
1658	1659
1659	1660
1660	1661
1655	1662
1663	1664
1665	1666
1666	1663
1667	1668
1668	1597
1669	1670
1671	1672
1673	1671
1656	1673
1670	1673
1674	1670
1579	1675
1676	1674
1677	1676
1675	1678
1679	1680
1573	1681
1682	1681
1683	1684
1685	1683
1681	1686
1687	1688
1688	1689
1689	1690
1690	1691
1692	1691
1693	1691
1691	1694
1694	1695
1696	1695
1695	1697
1697	1698
1699	1698
1698	1700
1700	1701
1701	1702
1703	1704
1705	1706
1707	1708
1709	1710
1711	1709
1712	1709
1713	1714
1715	1716
1714	1717
1718	1719
1720	1718
1717	1721
1722	1721
1723	1724
1725	1723
1721	1726
1727	1726
1726	1728
1729	1730
1728	1731
1732	1733
1734	1720
1735	1723
1736	1735
1737	1738
1739	1740
1741	1742
1743	1744
1731	1745
1746	1747
1748	1749
1750	1751
1752	1753
1754	1755
1756	1757
1757	1758
1759	1757
1760	1761
1762	1763
1764	1763
1765	1766
1767	1766
1768	1769
1769	1770
1771	1772
1772	1773
1774	1775
1776	1777
1778	1768
1779	1780
1781	1779
1766	1782
1783	1784
1780	1783
1785	1786
1787	1788
1786	1789
1790	1789
1789	1788
1788	1791
1763	1791
1792	1793
1793	1783
1794	1795
1796	1797
1797	1798
1683	1799
1800	1799
1801	1794
1798	1801
1802	1803
1804	1802
1805	1712
1806	1807
1807	1808
1808	1809
1799	1810
1811	1810
1812	1813
1814	1815
1816	1817
1817	1818
1819	1820
1820	1821
1822	1823
1817	1824
1813	1825
1826	1827
1828	1829
1830	1831
1831	1832
1833	1832
1834	1835
1832	1836
1837	1836
1836	1835
1838	1839
1840	1839
1821	1840
1841	1822
1835	1842
1839	1843
1809	1844
1845	1823
1846	1847
1848	1849
1847	1850
1851	1852
1852	1853
1854	1853
1855	1856
1857	1858
1849	1859
1860	1861
1862	1863
1864	1865
1866	1867
1868	1869
1870	1871
1872	1873
1859	1874
1875	1876
1865	1877
1878	1879
1867	1880
1879	1881
1853	1882
1883	1884
1885	1886
1887	1888
1880	1889
1888	1889
1881	1890
1891	1892
1893	1894
1895	1896
1897	1898
1898	1895
1899	1900
1896	1901
1901	1902
1902	1893
1903	1904
1905	1904
1904	1898
1900	1906
1907	1906
1908	1906
1906	1904
1909	1900
1909	1906
1893	1910
1911	1900
1910	1912
1913	1898
1914	1909
1915	1904
1916	1904
1910	1917
1918	1919
1920	1921
1922	1920
1923	1922
1924	1923
1925	1924
1926	1925
1927	1928
1928	1929
1929	1930
1931	1932
1932	1927
1933	1934
1935	1925
1936	1937
1889	1938
1939	1936
1940	1923
1941	1922
1942	1931
1930	1943
1943	1944
1919	1945
1937	1945
1946	1947
1890	1947
1921	1948
1949	1950
1951	1924
1952	1947
1877	1953
1953	1954
1955	1926
1956	1957
1958	1959
1945	1960
1947	1961
1950	1962
1963	1964
1965	1966
1964	1966
1938	1967
1968	1969
1966	1969
1960	1970
1971	1970
1962	1972
1969	1973
1974	1973
1975	1976
1970	1977
1978	1979
1980	1977
1967	1981
1982	1983
1984	1985
1986	1987
1986	1904
1972	1988
1973	1989
1990	1989
1991	1990
1992	1991
1993	1992
1994	1995
1996	1997
1998	1999
1961	2000
2001	2002
1995	2003
1989	2004
2005	2006
2007	2004
2006	2007
2008	2005
2003	2009
1981	2010
2011	2010
2004	2012
2013	2012
2014	2015
2016	2013
2015	2016
2017	2018
1976	2018
2019	2020
2021	2022
2002	2023
2002	2024
2025	2026
1988	2027
2028	2029
2030	2031
2012	2032
2033	2032
2034	2033
2035	2036
1977	2035
2037	2034
2038	2037
2010	2039
2040	2041
2042	2043
2044	2029
2045	2046
2047	2044
2048	2047
2049	2050
2051	2052
2046	2053
2054	2055
2052	2056
2027	2057
2024	2058
2059	2060
2060	2061
2053	2062
2062	2059
2063	2057
2064	2065
2065	2056
2066	2067
2067	2055
2064	1741
2061	2068
2068	2069
1979	2070
2071	2072
2072	2073
2074	2075
2076	2077
2056	1739
2078	1736
2032	2079
2043	2080
2081	2080
2000	2082
2031	2083
2083	2074
2084	2085
2057	2085
2086	2087
2088	2087
2085	2089
1733	2090
2018	2091
2085	1725
2089	1725
1738	2092
2093	1730
2094	1733
2095	2096
2091	2097
2098	2099
2100	2094
2101	2100
2102	2103
2104	2081
2105	2106
2107	2108
2109	2098
2103	2109
2110	2107
2099	2110
2111	2104
2112	2105
2113	2112
2114	2102
2106	2114
2115	2113
2108	2116
2116	2117
2118	2095
2041	2118
2117	2119
2120	2121
2122	2115
2123	2122
2087	2122
2124	2111
2119	2124
2125	2126
2126	1738
2020	2127
2128	2129
2130	2118
2131	2130
2132	2133
2134	2135
2136	2137
2138	2130
2039	2139
2137	2139
2055	2140
2139	2140
2141	2142
2067	2143
2140	2143
2082	2144
2145	2146
2147	2148
2149	2130
2150	2147
2151	2152
2153	1751
2154	2095
2022	2155
2148	2156
2157	2158
2080	2157
2143	1753
2159	2160
2161	2162
2163	2162
1753	2162
1730	1720
1747	2153
2162	1747
2139	2164
2075	2165
2165	2150
1716	2159
2166	1716
1719	1716
2167	2168
2169	2167
2137	2169
2170	2169
2127	2170
1724	2170
2171	2172
2173	2174
2175	2167
2176	2149
2177	2178
2178	2179
2180	1735
2181	2175
2182	2183
2184	1735
2185	2186
2187	2188
2189	2190
2191	2192
2193	2194
2195	2196
2197	2198
2199	2200
2201	2202
2203	2204
2205	2203
2179	2206
2207	2205
2208	2209
2210	2211
2206	2210
2212	2213
2211	2212
2214	2215
2213	2214
2215	2216
2217	2207
2218	2217
2219	2220
2221	2219
2222	1723
2223	2221
2224	2223
2225	2226
2227	2224
2228	2227
2229	2230
2231	2229
2232	2233
2234	2228
2235	2236
2237	2238
2233	2238
2239	2232
2240	2234
2216	2240
2241	2239
2242	2231
2238	2243
2244	2241
2245	2244
2246	2242
2243	2246
2247	2245
2248	2218
2249	2250
2251	2222
2250	2252
2252	2253
2253	2254
2255	2215
2070	2256
2257	2118
2258	2257
2259	2260
2261	2248
2220	2261
2262	2263
2263	2264
2265	2266
2266	2263
2267	2216
2256	2268
2269	1752
2270	2269
2271	2270
2272	2241
2273	2271
2274	2273
2274	2275
2276	2274
2277	2278
2279	2276
2280	2279
2278	2280
2254	2281
2282	2266
2283	2270
2284	2233
1737	2285
2286	2271
2287	2279
2288	2217
2289	2218
2290	2248
2281	2291
2264	2292
2292	2293
2293	2285
2294	2295
2294	2209
2296	2294
2297	2274
2298	2280
2299	2300
2291	2301
2285	2302
2303	2304
2304	2243
2305	2296
2306	2307
2308	2280
2278	2308
2309	2269
2310	2311
2311	2282
2312	2311
2313	2314
2315	2316
2316	2317
2318	2309
2319	2242
2320	2205
2321	2320
2322	2323
2324	2325
2326	2327
2328	2288
2329	2308
2330	2329
2331	2289
2332	2290
2333	2311
1740	2334
2335	2336
2337	2338
2334	2339
2340	2341
2342	2329
2343	2281
2344	2345
2346	2347
2348	2349
2350	2346
2351	2352
2352	2350
2353	2354
2355	2356
2356	2357
2357	2358
2359	2360
2361	2358
2362	2294
2363	2361
2364	2363
2365	2366
2367	2368
2369	2352
2370	2371
2372	2362
2368	2373
2373	2374
2375	2372
2376	2377
2378	2375
2379	2378
2380	2377
2381	2373
2366	2382
2383	2378
2382	2384
2385	2384
2384	2386
2387	2386
2386	2388
2389	2390
2391	2392
2393	2394
2395	2393
2396	2395
2397	2363
2398	2397
2399	2398
2400	2398
2401	2400
2402	2400
2403	2402
2404	2402
2405	2404
2406	2404
2407	2406
2408	2406
2409	2408
2410	2411
2412	2410
2413	2408
2414	2413
2415	2413
2416	2415
2417	2415
2418	2417
2419	2417
2420	2419
2421	2395
2422	2423
2358	2424
2425	2426
2424	2425
2426	2427
2388	1762
2428	1762
2392	2428
2429	2428
2430	2346
2431	2430
2432	2433
2433	2434
2427	2435
2435	2436
2436	2437
2438	2437
2437	2439
2439	2440
2441	2410
2442	2443
2443	2444
1773	2441
2440	1765
1782	2445
1778	2446
2446	1793
2447	2448
2448	2446
2449	1783
2450	1772
2451	1776
2452	2449
2453	2454
2455	2452
1791	2456
2457	2456
2458	2453
2445	2459
2460	2461
2462	2463
2464	2462
2459	2464
2465	2466
2467	2468
2469	2455
2470	2471
2472	2473
2474	2475
2476	2477
2478	2479
2480	2481
2482	2483
2483	1783
2484	2482
2475	2485
2473	2486
2487	2488
2489	2487
2485	2490
2477	2490
2479	2491
2456	2492
2493	2492
2494	2483
2495	2494
2490	2496
2497	2498
2499	2500
2491	2501
2502	2503
2488	2502
2504	2505
2506	2507
2508	2509
2492	2509
2510	2502
2509	2511
2512	2513
2513	2514
2514	2515
2516	2515
2515	2517
2517	2518
2519	2520
2520	2518
2518	2521
2522	2521
2523	2524
2525	2526
2526	2524
2524	2527
2527	2528
2529	2530
2530	2531
2531	2532
2532	2533
2534	2533
2533	2535
2535	2523
2536	2537
2537	2538
2539	2540
2541	2540
2540	2542
2543	2542
2542	2544
2545	2546
2544	2546
2546	574
2547	2548
2548	2549
2550	2551
2551	2552
2553	2554
2554	2555
2556	2555
2555	2557
2557	2550
2558	2550
2559	2560
2560	2561
2562	2563
2563	2564
2564	2565
2565	2566
2567	2565
2568	2569
2569	2570
2571	2572
2570	2571
2573	2574
2575	2574
2576	2575
2577	2578
2579	2580
2581	2582
2582	2583
2584	2585
2585	2586
2587	2588
2589	2590
2590	2591
2591	2592
2592	2593
2593	2594
2594	2595
2595	2596
2596	2597
2598	2599
2600	2601
2601	2602
1422	2603
2603	2604
2605	2604
2606	2603
2604	2607
2607	2608
2608	2609
1461	2610
2609	2610
2611	2612
2610	2613
2613	2614
2614	2615
2615	2616
2617	2618
2618	2619
2620	2621
2621	2622
2622	2623
2624	2625
2625	2626
2627	2626
2626	2628
2629	2628
2628	2630
2631	2630
2630	2632
2633	2634
2632	2634
2635	2632
2636	2633
2637	2636
2638	2637
2639	2638
2640	2639
2641	2642
2642	2640
2643	2625
2644	2643
2645	2643
2646	2643
2647	2646
2648	2646
2649	2648
2650	2651
2652	2650
2653	2652
2654	2655
2656	2656
2657	2658
2659	2660
2661	2662
2663	2664
2665	2666
2667	2668
2669	2670
2670	2671
2672	2673
2673	2674
2675	2676
2677	2675
2678	2679
2680	2681
2682	2683
2684	2685
2685	2686
2687	2688
2689	2690
2691	2692
2693	2694
2695	2696
2697	2698
2698	2696
2696	2699
2699	2700
2701	2700
2700	2702
2703	2702
2702	2704
2704	2705
2705	2706
2706	2707
2679	2708
2708	2675
2709	2708
2710	2711
2712	2713
2714	2715
2716	2717
2718	2719
2720	2721
2721	2420
2411	2420
2722	2723
2723	2724
2725	2724
2726	2725
2727	2726
2728	2727
2729	2728
2730	2731
2731	1167
2616	2732
2733	2734
799	2735
2736	2737
1103	2738
2739	2740
2740	2741
2741	2742
2743	2744
2745	2746
2747	2748
2749	2750
2751	2752
2753	2754
2755	2756
2757	2755
2758	2759
2760	2761
2762	2763
2764	1754
2765	312
321	2766
2767	2766
2766	2768
2768	2769
2769	2770
2770	2771
2735	2771
2771	2772
2772	2773
2773	2774
2774	2775
2776	2777
2777	2774
2778	758
759	2776
2775	2779
2779	288
2780	2781
2781	2782
2782	1482
2783	1594
1593	1482
289	2784
2785	2786
2786	2787
2787	2788
2788	2789
2790	2598
2791	327
2792	2793
328	2794
2789	2790
2599	2795
2795	2796
2796	2797
2797	2798
375	2799
455	2800
477	2801
226	2802
2803	2802
2804	2805
2806	2807
2808	2809
811	2810
2811	2812
2813	2814
957	2815
779	2816
2817	2816
2818	2819
2816	2820
2821	2822
2823	2824
933	2825
952	2826
2827	1055
2828	2827
2829	2830
2831	2832
2833	2834
2835	2836
2837	2838
2839	2840
2841	2842
2843	2844
2845	2846
2847	2848
2848	2849
2849	2806
2807	2808
2809	2811
2812	2850
2850	2851
2851	2827
1055	2852
2853	2854
2855	2768
2742	2743
2856	2739
2857	2856
2858	2856
1449	2853
1291	1448
2761	2859
1662	2860
2861	2829
2830	2755
2756	2862
2759	2862
2862	2753
2754	2863
2864	2745
2746	2749
2750	2859
2859	2751
2752	2865
2866	2867
2867	2868
2869	2870
2871	2869
2872	2873
2874	2875
2876	2877
2877	2878
2878	2879
2879	2880
2880	2881
2881	2882
2882	2883
2883	2884
2885	2886
2887	2885
2886	2888
2888	2889
2884	2889
2890	2891
2892	2893
2894	2895
2896	2894
2897	2894
2898	2897
2899	2898
2900	2901
2893	2900
2902	2903
2904	2903
2903	2905
2905	2906
2906	2907
2908	2907
2907	2909
2910	2909
2909	2911
2911	2912
2912	2913
2913	2914
2914	2915
2916	2917
2917	2918
2919	2920
2921	2922
2923	2924
2924	2922
2922	2925
2926	2927
2927	2928
2928	2650
2929	2930
2931	2932
854	2813
878	2933
2934	2823
872	2935
895	877
888	871
2936	887
906	898
2937	2938
2938	2936
2939	905
2838	2839
2836	2837
2834	2835
2832	2833
2840	2841
2842	2843
2844	2845
2846	2847
2940	2941
2941	2853
2852	2940
2744	2852
2942	722
2943	2944
2944	2945
2945	2946
2946	2947
2947	2948
2948	2949
2949	2950
2951	2952
2953	2954
2955	2589
2956	2957
2957	2955
386	2958
2959	2960
2960	2961
2961	2962
2962	2963
2963	2964
2965	2966
2966	2967
2968	2967
2967	2969
2969	2970
2711	2971
2972	2565
2561	2562
2973	2974
2974	2675
2975	2976
2977	592
2978	2979
2979	2980
2980	2981
2982	2983
2983	2984
2984	2985
2985	2986
2987	2986
2950	2986
2988	2989
2990	2989
2991	2992
2989	2992
2986	2992
2993	2992
2994	2993
2995	2993
2992	2996
2996	2997
2998	2999
3000	3001
3002	3001
3001	3003
3003	3004
3005	3004
3004	3006
3007	3006
2521	3008
3008	2984
3009	3010
3010	3006
3007	3011
3011	3012
3006	3013
3013	3012
3014	3015
3015	3016
3016	3017
3017	3013
3018	3009
3012	3019
3019	3020
3020	3021
3011	3022
3022	3020
2538	3023
3023	3024
3025	3026
3026	3024
3024	2522
3021	2538
3027	3028
3028	3029
3029	3030
3030	3031
3031	3032
3032	3033
3033	3034
3034	3035
3035	3036
3037	947
948	958
959	3038
3039	965
966	3040
3041	3042
3043	3044
3045	3046
3047	820
3048	3049
3044	3045
3046	826
3049	3047
3050	3051
3051	3052
3052	3053
3053	3054
3054	3043
3055	3048
3056	3057
3058	3059
3059	753
754	3056
3057	776
780	3060
3061	3062
3063	3058
3064	2991
3065	3066
3067	2990
3068	2988
3069	3070
3071	3072
3066	3067
3070	3071
3072	3065
3073	3074
3075	3076
3077	3078
3079	3080
3080	3075
3076	3077
3078	3073
3074	3081
3082	3083
3084	3085
3086	2818
2819	3087
3088	3084
3085	2817
678	779
3089	3090
3091	3092
3093	3094
2930	3095
2933	2934
3096	2939
2932	3097
3095	3093
3097	3091
3090	853
3094	3098
3098	3089
3092	3098
3099	3100
3100	3101
3101	3102
3102	3103
3103	3104
3104	3105
3106	3107
3107	3108
3108	3109
3109	3110
3110	3111
3111	3112
3113	3114
3114	3115
3115	3116
3117	3118
3118	3119
3119	3099
3120	2871
2873	2874
3121	3122
3122	3123
3123	3124
3124	3125
3125	3126
3126	3127
3127	3128
2875	2876
2891	3129
3129	3130
3131	3132
3132	3133
3130	3131
3133	2892
2918	2919
3134	2785
2925	3134
3135	3136
3136	3137
3137	3138
3138	3139
3139	3140
3140	3141
3141	3142
3142	3143
3143	3144
3144	3145
3145	3146
3146	3147
3147	3148
3148	3149
3149	3150
3150	3151
3151	3152
3153	3154
3154	3155
3155	3156
3156	3157
3157	3158
3158	3159
3159	3160
3160	3161
3161	3162
3162	3163
3163	3164
3164	3165
3165	3166
3167	3168
3169	3168
3168	3170
3170	3171
3171	3172
3172	3173
3173	3174
3174	3175
3175	3176
3177	3174
3178	3177
3179	3178
3180	3179
3181	3182
3182	3183
3183	3184
3185	3186
3187	3188
3188	3189
3184	3190
3190	3189
3191	3185
3192	3191
3193	3191
3186	3194
3194	3195
3195	3187
3189	3196
3197	3196
3196	3198
3199	3198
3198	3200
3201	3200
3200	3202
3202	3203
3204	3203
3205	3188
3152	3205
3166	3187
3206	3207
3208	3209
3210	3211
3212	3213
3214	3215
3216	3217
3218	3219
3220	3221
3222	3223
3224	3225
3226	3225
3227	3228
3228	3226
3229	3230
3230	3231
3232	3233
3233	3234
3235	3234
3234	3231
3231	3236
3236	3237
3237	3238
3238	3239
3239	3240
3241	3242
3242	3243
3244	3245
3245	2549
3246	3229
2549	3247
3247	3246
3248	3249
3250	3248
3251	3252
3252	3253
3253	3254
3254	3255
3255	2551
107	125
3256	183
111	3256
3257	185
3258	185
3259	3258
3260	3261
3262	191
3263	3264
191	3263
3265	193
3264	3265
2798	2956
3266	3267
3268	3269
3270	3271
2954	3272
3273	3274
3275	3276
3277	3278
3279	3280
3281	3282
3283	3284
3285	3286
3287	3288
3289	3290
3291	3292
3293	3294
3294	3295
3296	3295
3297	3296
3295	3298
3298	3299
3300	3301
3301	3302
3302	3303
3303	3304
3305	3306
3307	3308
3308	3304
3304	3306
3306	3299
3299	3309
3309	3310
3311	3309
3312	3310
3313	3314
3314	3315
3310	3315
3315	3316
3317	3316
3316	3318
3318	3319
3319	3320
3321	3319
3322	3320
3320	3323
3323	3324
3325	3323
3326	3324
3324	3327
3328	3329
3327	3328
3330	142
3331	3330
3332	3331
3329	3330
3333	160
3334	170
3335	175
140	145
3336	3337
3338	385
3339	555
392	3339
341	3339
326	3339
3340	3341
3341	3342
3342	3343
3343	3344
3344	341
3345	3346
3346	3347
56	123
3348	99
2952	3349
3350	2952
2970	3351
3352	3351
3353	3354
3355	3354
3351	3354
3356	3357
3357	3358
3354	3359
3358	3360
3360	3361
3359	3362
3362	3363
3361	3364
3364	3365
3365	3366
3363	3367
3368	3369
3370	3371
3369	3372
3372	3373
3373	3374
3371	3375
3375	3376
3377	3376
3376	3378
3378	3379
3225	3369
3249	3370
3225	3370
3374	330
2552	3353
3367	342
3380	3356
3381	3382
3383	3384
3385	3386
3387	3388
3389	3390
3391	3392
3393	3394
3394	3395
3396	3397
3398	3399
3400	3401
3402	3403
3404	3405
3406	3407
3408	3409
3410	3408
3411	3408
3412	3409
3409	3413
3414	3413
3415	3411
3416	3415
3417	3415
3418	3419
3420	3419
3421	3419
3413	3419
3422	3414
3423	3422
3424	3425
3425	3422
3426	3427
3427	3428
3428	3429
3430	3429
3429	3431
3431	3432
3433	3432
3434	3432
3435	3436
3436	3437
3438	3439
3439	3440
3440	3441
3442	3441
3441	3443
3444	3445
3437	3444
3203	3446
3447	3448
3449	3448
3448	3446
3450	3451
3451	3452
3452	3453
3453	3454
3454	3455
3455	3456
3457	3458
3459	3460
3460	3461
3461	3462
3462	3463
3464	3465
3465	3466
3466	3467
3467	3468
3468	3469
3469	3470
3470	3471
3214	3471
3471	3458
3456	3457
3458	3472
3472	3473
3473	3474
3474	3475
3463	3464
3476	3477
3477	3478
3479	3478
3480	3481
3482	3481
3481	3483
3484	3485
3483	3485
3485	3486
3478	3484
3487	3485
3488	3487
3489	3479
3490	3491
3446	3490
3492	3476
3491	3492
3493	3492
3494	3491
3475	3492
3495	3496
3497	3496
3498	3497
3499	3500
3496	3501
3500	3502
3503	3504
3504	3505
3505	3501
3506	3502
3507	3506
3501	3508
3509	3510
3510	3511
3508	3511
3512	3513
3514	3515
3516	3517
3517	3514
3518	3519
3515	3520
3519	3521
3522	3523
3523	3524
3524	3520
3521	3525
3526	3527
3520	3528
3528	3529
3527	3525
3530	3531
3531	3532
3533	3534
3534	3535
3536	3537
3538	3532
3535	3537
3532	3539
3540	3539
3541	3542
3542	3540
3543	3544
3544	3545
3537	3544
3546	3500
3547	3548
3502	3548
3548	3512
3549	3513
3511	3515
3513	3518
3550	3518
3551	3521
3552	3553
3525	3553
3553	3535
3554	3528
2724	3554
162	3508
172	3512
183	3555
3556	187
3557	187
187	3558
3555	3260
3261	189
189	3262
438	415
3559	3560
3560	3561
3562	3563
3564	409
405	445
409	2778
3565	420
3566	3567
3568	3569
3569	408
3570	3569
3571	3572
3573	3574
3575	3576
3577	3578
3572	3579
3580	3581
3582	3583
3584	3585
3586	3587
3588	3589
3590	3584
3591	3592
3593	3594
3594	3595
3596	3597
3579	3598
3599	3600
3600	3593
3598	3601
3601	3599
3602	3603
543	527
3604	515
206	549
549	3605
3606	3607
506	3608
222	3609
3610	3611
3612	3613
3614	3615
3616	3617
3617	3618
3613	3619
3619	3610
3620	3621
3622	726
441	726
545	3614
3621	3623
3624	3625
3615	3626
3611	3627
3627	3628
3629	198
3630	3631
3626	3632
3633	3634
3634	3635
3635	3636
3636	3620
3623	3637
3637	3638
3628	544
3639	796
771	3640
3060	3061
748	3641
739	3642
3643	3641
3644	3643
3645	3644
3642	828
3646	828
3647	869
869	781
3648	869
3062	3649
3650	834
3651	3652
727	3653
795	801
801	799
3649	802
3654	3655
1366	3656
3657	3658
3659	3660
3660	3661
3662	3663
3664	3665
3666	3667
3668	3669
3670	3671
3672	3673
1327	1393
1361	3674
3675	3676
3677	3678
3679	283
3680	1393
3681	3682
3683	3684
3685	1364
1363	3685
3663	3686
3687	3688
1347	1373
3689	1409
1353	3689
3690	3689
1359	1375
1509	3691
3692	3693
3693	3694
3695	3694
3694	3696
3691	3697
1466	1563
1510	1515
3698	1536
3699	1550
3700	1530
3701	3700
3697	3702
3703	1511
3704	1582
3696	1537
3694	1537
3705	1514
1512	1505
3706	3707
3708	1698
1702	3709
3710	1690
3711	1698
3712	1691
3713	1695
3714	1691
3715	1695
3716	3712
3707	1711
3717	3718
3718	3719
3720	3721
3721	1844
3722	3723
1824	3724
3724	3725
3726	3724
3727	3726
3728	3729
3724	3730
3724	3731
3732	3733
3734	3735
1844	1854
3736	1854
3731	1864
3737	3738
3739	3740
2345	3741
2339	2762
3742	2342
3743	3742
2336	3744
3741	3745
3746	2304
3745	3747
3748	3749
2230	3750
3751	3742
3752	3751
3753	3754
3755	3756
3757	3758
3759	3751
3760	3759
3761	3762
3763	3764
3765	2758
3766	3765
3767	3766
3768	3766
3769	3770
3770	2347
2347	2264
2317	2396
3771	3770
2212	3772
3773	3759
3772	2355
3774	2355
2505	2507
3775	2494
3776	3775
2507	3775
2498	3777
3778	3775
3779	2505
3777	3779
2501	3780
3781	2507
3780	2508
2496	2508
2486	3782
3782	3780
3783	3784
3784	3785
3785	3786
3786	3787
3787	3788
3789	3790
3790	3791
3791	3792
3793	3794
3795	3796
3797	3798
3799	3800
3800	3801
3801	3802
3802	3803
3803	3804
3805	3806
3806	3807
3807	3808
3809	3808
3810	3811
3808	3812
3812	2617
2920	2924
2915	2923
1066	3813
3814	3815
1006	3815
3816	3817
3817	2600
3815	3818
3813	3819
3820	3813
3821	3822
3823	1182
3824	3825
3825	1222
1241	3826
3826	1350
1309	3826
983	987
1007	1008
1084	3827
3827	1066
3828	1428
1360	1428
3829	283
1302	3830
2602	1413
1413	1422
1222	3831
3831	1319
1227	3831
2870	2890
3832	3833
3834	3835
3836	3837
3267	3268
3269	3270
3271	2953
3274	3275
3276	3838
3278	2951
3280	3281
3282	3277
3284	3350
3286	3266
3288	3279
3290	3291
3292	3832
3833	3285
3835	3836
3837	3287
3839	3336
3839	3293
3840	3841
3842	3843
3843	3844
3845	3846
3846	3840
3847	3846
3848	5
6	3
4	1
2	3849
3850	3851
3852	3853
3854	3855
3853	960
3855	3853
3856	950
3857	3856
3858	3857
3859	3856
3860	3857
3861	3860
3862	3861
3863	3862
3864	3863
3865	3863
3866	3865
3867	3865
3868	3869
3869	3870
3871	3870
3870	3872
3872	3855
3873	812
3874	813
3875	3876
3877	680
3878	3879
3879	3877
3880	3877
3881	3877
3882	3877
3876	3882
3883	3882
3884	3882
3885	3886
3886	3887
3888	3889
3889	3890
3887	3891
3890	3892
3891	3881
3892	3883
3893	3885
3894	3888
3895	3894
3896	3897
3641	812
3898	812
3899	3900
3901	3902
3902	3903
3903	3904
3904	3905
3905	3906
3906	3907
3908	3907
3909	3910
3910	3911
3911	3912
3913	3912
3912	3907
3914	3915
3916	3917
3917	3918
3919	3920
3920	3921
3922	3920
3921	3923
3924	3923
3923	3917
2868	3925
3926	3925
3925	3927
3928	3929
3927	3930
3931	3932
3932	3933
3933	3934
3934	3935
3931	3935
3936	3937
3937	3938
3935	3938
3938	3939
3940	3941
3941	3939
3939	3942
3943	3942
3944	3943
3942	3945
3946	3945
3947	3948
3948	3946
3945	3949
3950	3951
3951	3949
3949	3952
3952	3953
3954	3955
3956	3957
1882	3958
3958	3959
3959	3960
3960	3961
3961	3962
3963	3964
3965	3966
3967	3968
3969	3970
3971	3972
3972	3973
3973	3974
3975	3976
3977	3978
3979	3980
3981	3982
3983	3984
3985	3984
3984	3986
3987	3986
3986	3988
3988	3952
3989	3990
3990	3991
3992	3993
3993	3994
3994	3995
3996	3983
3983	3950
3997	3998
3999	3997
4000	3997
4001	4002
4002	4000
4003	4000
4004	4003
4005	4003
4006	4007
4008	4009
4010	4009
4009	4011
4011	4012
4013	4014
4014	4015
4015	4016
4016	4017
4017	4018
4018	4019
4019	4011
4020	4021
4021	4022
4022	4023
4023	4024
4024	4025
4025	4026
4026	4027
4028	4027
4027	4029
4030	4031
4031	4032
4033	4034
4034	4035
4035	4036
4036	4037
4037	4038
4038	4039
4039	4040
4040	4041
4041	4042
4042	4013
4043	4044
2580	4045
4045	4046
4046	4047
4047	4043
4048	4049
3804	4050
4050	4051
4052	4053
4054	4055
4055	4056
4056	4057
960	4058
4058	272
4059	4060
4060	4061
4062	4063
4063	4061
4061	4064
4064	4065
4065	4066
4066	4067
4067	4068
4068	4069
4069	4070
4071	4072
4072	4073
4073	4074
4075	4074
4076	4077
4074	4077
4077	4078
4079	4077
4080	4079
4081	4082
4083	4084
4084	4085
4086	4087
4088	4089
4090	4091
4092	4093
4094	4095
4095	4096
4096	4097
4098	4097
4099	4097
4097	4100
4101	4100
4100	4102
4103	4102
4102	4104
4104	4105
4106	4105
4107	4105
4105	4108
4108	4109
4110	4086
4111	4112
4112	4113
4112	4099
4114	4115
4115	4116
4089	4117
4118	4119
4120	4121
4119	4122
4123	4124
4125	4126
4127	4128
4129	4130
4131	4132
4132	4133
4134	4132
2854	4109
4109	2864
4135	4136
4136	4137
4137	4106
1825	4138
4138	4139
2860	2861
4140	4141
4141	4142
4142	4143
4143	4144
4145	4144
4146	4147
4144	4146
4148	4149
4150	4151
4151	4152
4153	4152
4152	4154
4154	4155
4155	4156
4156	4157
4157	4158
4159	4160
4161	4162
4163	3503
4164	4165
4166	4165
4167	4166
4168	4166
4169	4168
4170	4168
4171	4170
4172	4170
4173	4172
4174	4172
4175	4173
4176	4173
4177	4178
4179	4180
4181	4182
4183	4184
4185	4186
4187	4185
4188	4189
4189	4190
4191	4189
4190	4187
4192	4193
4194	4195
4196	4197
4198	4199
4200	4201
4202	4203
4204	4205
4206	4207
4208	4209
4210	4211
4212	4213
4214	4215
4216	4217
4218	4219
2897	4220
4220	4221
4221	4222
4222	4223
2895	4224
4224	4225
4225	4226
4226	4227
4228	4229
4230	4229
4231	4232
4233	4234
4235	4236
4237	4238
4237	4239
4240	4241
4242	4243
4244	4231
4229	4245
4246	4247
4248	4249
4250	4251
4252	4253
4254	4255
4256	4257
4258	4259
4259	4260
4257	4259
4261	4262
4262	4260
4263	4264
4264	4265
4265	4266
4267	4268
4268	4269
4269	4270
4271	4272
4273	4274
3995	4273
3953	4273
3991	3953
4275	4276
4276	4277
4278	4277
4277	4279
4280	4281
4281	4282
4279	4282
4282	4283
4283	4284
4285	4284
4284	4286
4287	4286
4286	4288
2268	4289
4288	4289
4290	4291
4292	4291
4291	4293
4293	4294
3998	4295
4296	4297
4297	4298
4299	4300
4300	4301
4302	4300
4303	4300
4301	4304
4305	4304
4304	4306
4307	4306
4306	3810
4308	4309
4310	4299
4311	4299
4312	4313
4313	1408
4314	4315
4315	4312
4316	4317
4316	4314
4318	4319
4320	4318
4309	4320
4321	4322
4322	4323
4323	4324
4324	4325
4325	4313
4294	4295
4326	4327
4327	4328
4329	4330
4330	4328
4328	4331
4331	4332
4332	4333
4334	4335
4335	4336
4336	4337
4338	4336
4339	4338
4340	4339
4341	4338
4342	4343
4343	4341
4344	4345
4346	4347
4348	4349
4350	4351
4351	4352
4352	4353
4353	4354
4355	4356
4357	4358
4359	4360
4361	4362
4362	4360
4360	4363
4364	4363
4365	4366
4367	4366
4368	4366
4366	4369
4370	4369
4369	4371
4372	4373
4374	4372
4371	2831
4375	4376
4376	4377
4378	4377
4377	4379
4380	4381
4381	4379
4379	4382
4383	4384
4384	4382
4385	4382
4386	4382
4382	4387
4388	4387
4387	4389
4390	4389
4389	4360
4391	4392
4392	4386
4393	4394
4395	4396
4396	4397
4397	4398
4398	4399
4400	4401
4401	4399
4402	4403
4399	4403
4404	4403
4403	4405
4405	4406
4407	4406
4408	4406
4409	4406
4410	4411
4409	4411
4411	4412
4412	4413
4413	4414
4415	4414
4414	4416
4416	4417
4417	4418
4418	4419
4419	1265
4420	4421
4422	3659
4423	4424
4425	4422
4424	4422
4426	4422
4427	4422
4428	4427
4429	4427
4430	4427
4431	4430
4432	4430
4433	4430
4434	4430
4435	4434
4436	4434
4421	3659
4437	4438
4438	4439
4440	4439
4441	4442
4442	4443
4443	4440
4439	4444
4444	4445
4445	4446
4446	4447
4448	4447
4447	4449
4449	4450
4451	4450
4452	4450
4453	4454
4455	4456
4456	4457
4457	4458
4459	4460
4460	4458
4461	4462
4462	4463
4458	4463
4463	3995
4464	4465
4466	4467
4467	4468
4469	4468
4468	4470
4470	4471
4471	4472
4473	4472
4474	4473
4475	4474
4476	4475
4477	4475
4478	4477
4479	4478
4333	4480
4481	4333
4482	45
4483	4484
4485	4486
4484	4485
4486	2587
2597	924
4487	4488
4488	4489
4489	3998
4490	4491
4492	4493
4491	4494
4494	4495
4496	4495
4497	4496
4495	4498
4498	4499
4500	4501
4502	4503
4504	4505
4506	4507
4508	4509
4509	4510
4511	4512
4512	4513
4513	4510
4514	4515
4515	4510
4510	4516
4517	4516
4516	4518
4519	4518
4518	3499
3495	3499
4520	3495
4499	4508
4521	4332
4522	4521
4523	4521
4524	4525
4526	4525
4527	4525
4525	4528
4529	4530
4530	4523
4528	4523
2463	4531
4531	4532
4533	4534
4534	4531
4535	4536
4536	4533
4537	4535
4538	4539
4539	4540
4541	4539
4542	4537
2683	4543
3980	4544
3982	4545
3978	3979
3976	3981
4274	4344
4345	4355
4356	4546
4547	18
33	20
35	11
31	12
4548	4549
4550	4551
4552	4548
4253	4553
4554	4555
4555	4556
4557	4558
4558	4559
4559	4552
4553	4558
4251	4560
4561	4560
4560	4556
4556	4552
4260	4562
4562	4563
881	4564
4564	840
1256	1242
4565	4566
4566	4567
4568	4569
4570	4569
4569	4571
305	4571
4571	4572
4573	3907
4574	4573
4575	4574
3819	3814
4576	4577
4577	4578
3818	3817
4579	3818
2588	3816
4578	3816
4580	4581
4582	4583
4584	4585
4586	4587
4587	4588
4588	4589
4589	4590
4590	4591
4591	4592
4592	4593
4594	4592
4595	4592
4593	4596
4596	4597
4597	2760
2760	4598
2760	4599
2760	4600
4601	4602
4602	4603
4603	4604
4604	4605
4605	4606
4606	4607
4607	4608
4608	4609
4609	4610
4610	4611
4611	4612
4612	4613
4613	4614
4614	4615
4615	4616
4616	4617
4618	4619
4619	2760
2763	4620
4620	4621
4621	4622
4622	2760
4623	4624
4625	4611
4626	4611
4627	4628
4628	4584
4585	4588
4629	1977
4630	1218
1571	1679
1680	4631
4632	3895
3897	3893
4082	4633
4633	4114
1403	4634
4634	4635
1407	1402
1755	2069
78	49
122	120
98	79
90	98
87	79
3557	120
47	58
48	51
25	50
4567	50
40	62
60	38
85	91
88	93
115	114
53	37
3848	20
42	31
43	44
3338	2981
3337	2981
3256	107
3297	4521
3307	4523
4188	4528
4528	4520
3345	3302
4182	4175
4201	4181
4199	4200
4197	4198
4195	4196
4193	4194
4203	4204
4205	4181
4214	4180
4215	4208
4212	4173
4210	4213
4206	4209
3120	4497
158	4636
2902	2888
2872	3120
4235	4238
4234	2787
4490	4487
4290	4469
3135	4479
4479	4455
3931	2695
2716	3932
2694	4637
2684	2653
2661	3799
2661	2651
4543	2703
2857	2572
2568	2567
2581	2571
2583	2669
2671	2573
4638	2574
2586	2715
2580	2714
2580	2713
2712	3804
3804	2649
4057	4032
4049	4044
4029	2741
4033	4020
2999	4041
2833	4012
2799	2833
4007	2832
2642	2623
2617	2620
4263	2619
4266	4267
1176	2642
1175	1220
1281	4270
4272	1281
4087	4116
4123	4639
2864	4133
4128	2864
4130	2854
2315	2256
2354	3740
3739	2334
1351	3687
1110	1112
1113	1116
1117	4640
2738	4641
275	2775
2775	998
1174	4642
1245	4643
1288	4644
1073	1017
1068	988
1064	988
1064	1052
1063	1118
1149	1164
1166	1105
4645	1086
4645	3817
1080	964
883	949
3867	3898
3868	813
3873	3878
3875	3874
4646	702
703	692
3896	639
638	238
670	677
3486	3629
3243	3486
3240	3486
3224	2965
3406	3405
3404	3403
3402	3401
3400	3397
3396	3395
3390	3391
3389	3388
3387	3386
3385	3384
3383	3382
4358	4356
3381	3180
3176	4647
4350	4347
4349	4346
4375	4351
1471	1490
1503	1544
1618	1494
3954	1619
3956	3955
1467	1472
1476	1463
1499	1506
3728	4648
4648	4581
4580	4582
4580	4574
3911	3914
2025	3728
3728	1668
1667	1664
1665	1657
1632	2784
1599	4649
1520	4650
1564	1618
1618	1545
1545	1540
1486	1539
1623	2610
1595	2610
2612	4651
1621	1566
1584	4446
4652	4653
4653	1524
1586	1610
1658	1646
1661	1662
2026	2125
2340	2323
2322	2314
2313	2301
3748	2341
3769	3749
3771	2351
2312	2263
2266	2300
2249	2235
2236	2226
2226	2247
2133	2236
2230	2177
2204	4654
4654	2616
2616	2188
2187	2183
2182	2192
2191	2190
4655	2194
2193	2186
2185	2172
2171	2196
2195	2202
2201	2184
2083	2078
2079	1753
1751	2138
2096	1748
1749	1759
1756	2173
4656	2197
2198	2756
2036	2749
2749	4657
4657	2069
2748	2750
4658	2750
2029	2035
2045	2051
2764	4659
1742	2315
2064	2070
2354	3764
2451	2500
1777	1771
3750	2720
4660	2420
4540	4661
4533	4538
2454	4662
3968	4663
3974	4664
2158	2615
2156	2615
1917	4665
3966	4665
1894	4666
1856	4667
1863	4668
3723	4669
1827	2613
4670	2613
3719	4671
4671	4669
3964	4672
3709	4673
284	4674
287	289
281	1451
1447	276
1378	1374
297	288
1346	1347
1338	4675
986	1109
3640	4676
1110	962
322	349
3684	4677
1415	4678
3929	4679
3930	4680
824	4681
3618	2733
2737	4682
719	4683
954	4684
23	4685
3851	3843
3841	4686
39	14
1745	2244
2093	2090
2073	1733
2142	1718
2135	1718
2144	4687
2160	2155
3961	2088
3962	2146
2200	2145
4542	2463
4541	4688
4532	4689
1786	1781
2208	1753
2372	4690
4690	4691
2442	1768
3782	3777
3754	4692
3753	3757
2349	3757
2484	2465
2465	2446
1760	2048
4693	2345
736	4694
572	4695
2958	4695
563	2957
437	3563
3562	420
421	414
3596	3592
3591	3565
361	345
442	382
333	339
315	339
796	645
431	429
434	3561
3559	417
384	373
372	382
396	4572
533	530
529	536
535	532
531	517
516	523
522	528
542	512
511	540
539	538
537	505
504	503
502	501
3638	550
551	3630
3631	546
547	3624
3625	3612
3632	3622
525	4696
509	508
507	518
500	510
490	470
491	503
582	576
575	229
637	4697
929	4698
914	908
915	4699
911	4700
831	840
603	595
622	617
2976	4701
2975	2977
666	231
230	3609
467	395
3597	3566
3567	3588
3589	3580
3581	3578
3578	3586
3587	3573
3574	3590
3585	3582
3583	439
440	3575
3576	3571
3595	3602
662	687
715	650
1223	1247
2360	4702
3747	2359
2863	2865
1918	1886
1885	1871
1870	1858
1933	1884
1883	1876
1875	1873
1872	1869
1868	1861
1860	1850
3744	4703
2327	4704
2307	4705
4617	4623
4624	4598
3792	3794
3796	3788
2539	3021
3106	3113
2942	3117
2995	3027
845	4706
819	815
814	2943
3055	776
3050	792
791	4707
3063	717
3000	4042
3014	488
489	206
549	565
234	4708
647	664
2820	4709
874	2820
3081	3086
785	779
789	2816
3445	403
3435	3434
3443	403
909	937
972	244
1049	1031
648	741
207	236
208	201
202	560
561	556
557	487
486	464
463	461
460	2796
450	4710
444	4711
2793	4712
2794	4713
4245	2787
3541	4714
562	326
3333	4207
3334	4211
3300	4191
3565	3570
3652	4715
3672	3671
3670	3676
3675	3678
3673	3667
3669	3667
3668	3665
3664	4716
2277	4717
1795	1707
3682	1369
3658	3681
3686	3657
3682	294
1399	294
2682	2690
2971	2566
4219	2722
4217	4218
2855	3844
2865	4718
1823	2860
1822	1821
3735	1846
3734	4719
1038	4720
1023	4721
1134	1044
1647	3706
1633	1648
1411	286
285	4722
3688	4723
41	4724
4337	4481
2858	2707
3419	4725
3433	4726
3379	4726
3356	4727
3380	3368
3369	4728
3235	3241
3232	4729
2547	3251
3219	3220
3221	3222
3218	3214
3223	3476
203	476
220	492
604	204
221	630
606	671
663	3645
265	1120
1121	1202
1203	3658
4438	4400
4436	1284
4395	1284
4420	1562
1308	1306
1306	1318
1507	4730
1900	1949
1669	1654
1684	4731
1704	4732
1686	1689
1626	4448
4455	3988
1713	2091
2382	2381
2374	2380
2380	2378
3725	4072
1957	1953
1810	4733
4075	4734
4072	2861
1219	1202
3788	3810
4025	4030
3007	3005
3005	3002
3002	2998
51	4735
25	4685
4255	4736
3208	3213
3209	3207
3206	3211
3210	3217
3216	3471
3212	3215
942	2825
4049	2741
4321	4278
1708	1673
1796	1670
1637	4737